14.70000 273 (300.79, 600.55, 0.00), (300.54, 600.38), 3.12
M 14.70000 274 (695.03, 603.48, 0.00), (694.67, 603.73), 4.31
M 14.70000 275 (707.00, 836.70, 0.00), (707.00, 837.26), 5.55
M 14.70000 276 (396.88, 102.18, 0.00), (396.65, 102.34), 2.74
M 14.70000 277 (300.55, 799.21, 0.00), (300.38, 799.46), 3.12
M 14.70000 278 (236.70, 393.00, 0.00), (237.26, 393.00), 5.55
M 14.70000 279 (463.30, 707.00, 0.00), (462.74, 707.00), 5.55
M 14.70000 280 (366.10, 893.00, 0.00), (366.64, 893.00), 5.38
M 14.70000 281 (236.70, 93.00, 0.00), (237.26, 93.00), 5.55
M 14.70000 282 (793.00, 534.22, 0.00), (793.00, 533.68), 5.39
M 14.70000 283 (995.51, 903.15, 0.00), (995.30, 903.29), 2.54
M 14.70000 284 (93.00, 533.98, 0.00), (93.00, 533.44), 5.38
M 14.70000 285 (734.22, 607.00, 0.00), (733.68, 607.00), 5.39
M 14.70000 286 (996.53, 995.05, 0.00), (996.29, 994.70), 4.26
M 14.70000 287 (199.44, 500.79, 0.00), (199.62, 500.54), 3.12
M 14.70000 288 (495.05, 103.46, 0.00), (494.70, 103.71), 4.26
M 14.70000 289 (263.31, 207.00, 0.00), (262.76, 207.00), 5.53
M 14.70000 290 (594.88, 807.31, 0.00), (594.88, 807.31), 0.03
M 14.70000 291 (707.00, 436.63, 0.00), (707.00, 437.18), 5.48
M 14.70000 292 (94.88, 207.31, 0.00), (94.88, 207.31), 0.03
M 14.70000 293 (766.10, 693.00, 0.00), (766.64, 693.00), 5.38
M 14.70000 294 (300.56, 199.20, 0.00), (300.38, 199.46), 3.11
M 14.70000 295 (433.90, 907.00, 0.00), (433.36, 907.00), 5.38
M 14.70000 296 (784.53, 707.00, 0.00), (784.27, 707.00), 2.54
M 14.70000 297 (893.00, 733.98, 0.00), (893.00, 733.44), 5.38
M 14.70000 298 (363.30, 307.00, 0.00), (362.74, 307.00), 5.55
M 14.70000 299 (907.00, 266.10, 0.00), (907.00, 266.64), 5.38
M 14.70000 300 (533.90, 107.00, 0.00), (533.36, 107.00), 5.38
M 14.70000 301 (893.00, 634.64, 0.00), (893.00, 634.10), 5.37
M 14.70000 302 (793.00, 433.90, 0.00), (793.00, 433.36), 5.38
M 14.70000 303 (594.88, 907.31, 0.00), (594.88, 907.31), 0.03
M 14.70000 304 (499.21, 999.45, 