M 14.70000 207 (533.90, 507.00, 0.00), (533.36, 507.00), 5.38
M 14.70000 208 (333.90, 707.00, 0.00), (333.36, 707.00), 5.38
M 14.70000 209 (800.55, 899.21, 0.00), (800.38, 899.46), 3.12
M 14.70000 210 (297.82, 796.88, 0.00), (297.66, 796.65), 2.74
M 14.70000 211 (394.88, 507.31, 0.00), (394.88, 507.31), 0.03
M 14.70000 212 (693.00, 134.22, 0.00), (693.00, 133.68), 5.39
M 14.70000 213 (995.05, 703.46, 0.00), (994.70, 703.71), 4.26
M 14.70000 214 (493.00, 775.25, 0.00), (493.00, 774.69), 5.67
M 14.70000 215 (303.48, 304.97, 0.00), (303.73, 305.33), 4.31
M 14.70000 216 (496.52, 995.03, 0.00), (496.27, 994.67), 4.31
M 14.70000 217 (204.97, 396.52, 0.00), (205.32, 396.28), 4.30
M 14.70000 218 (804.87, 203.41, 0.00), (804.71, 203.30), 1.92
M 14.70000 219 (900.56, 199.20, 0.00), (900.38, 199.46), 3.11
M 14.70000 220 (204.95, 596.54, 0.00), (205.30, 596.29), 4.26
M 14.70000 221 (896.59, 204.87, 0.00), (896.70, 204.71), 1.92
M 14.70000 222 (600.79, 600.55, 0.00), (600.54, 600.38), 3.12
M 14.70000 223 (907.00, 466.10, 0.00), (907.00, 466.64), 5.38
M 14.70000 224 (604.97, 896.52, 0.00), (605.32, 896.27), 4.31
M 14.70000 225 (993.00, 535.46, 0.00), (993.00, 534.96), 5.00
M 14.70000 226 (166.02, 893.00, 0.00), (166.56, 893.00), 5.38
M 14.70000 227 (296.52, 495.03, 0.00), (296.27, 494.67), 4.31
M 14.70000 228 (794.88, 607.31, 0.00), (794.88, 607.31), 0.03
M 14.70000 229 (556.31, 393.00, 0.00), (556.92, 393.00), 6.11
M 14.70000 230 (707.00, 165.78, 0.00), (707.00, 166.32), 5.39
M 14.70000 231 (896.52, 895.03, 0.00), (896.27, 894.67), 4.31
M 14.70000 232 (907.00, 436.70, 0.00), (907.00, 437.26), 5.55
M 14.70000 233 (895.06, 703.46, 0.00), (894.71, 703.70), 4.25
M 14.70000 234 (507.00, 556.31, 0.00), (507.00, 556.92), 6.11
M 14.70000 235 (107.00, 248.63, 0.00), (107.00, 249.22), 5.94
M 14.70000 236 (293.00, 233.90, 0.00), (293.00, 233.36), 5.38
M 14.70000 237 (207.00, 766.10, 0.00), (207.00, 766.64), 5.38
M 14.70000 238 (695.05, 803.46, 0.00),