95, 0.00), (303.71, 405.30), 4.27
M 14.70000 72 (503.46, 204.95, 0.00), (503.71, 205.30), 4.26
M 14.70000 73 (292.69, 194.88, 0.00), (292.69, 194.88), 0.03
M 14.70000 74 (900.55, 399.21, 0.00), (900.38, 399.46), 3.12
M 14.70000 75 (896.52, 795.03, 0.00), (896.27, 794.67), 4.31
M 14.70000 76 (704.95, 196.54, 0.00), (705.30, 196.29), 4.26
M 14.70000 77 (866.10, 293.00, 0.00), (866.64, 293.00), 5.38
M 14.70000 78 (534.67, 307.00, 0.00), (534.13, 307.00), 5.37
M 14.70000 79 (199.44, 900.79, 0.00), (199.62, 900.54), 3.12
M 14.70000 80 (995.03, 503.48, 0.00), (994.68, 503.73), 4.31
M 14.70000 81 (303.43, 104.90, 0.00), (303.67, 105.25), 4.21
M 14.70000 82 (493.00, 635.19, 0.00), (493.00, 634.70), 4.91
M 14.70000 83 (995.05, 403.46, 0.00), (994.70, 403.71), 4.26
M 14.70000 84 (593.00, 935.19, 0.00), (593.00, 934.70), 4.91
M 14.70000 85 (492.69, 194.88, 0.00), (492.69, 194.88), 0.03
M 14.70000 86 (766.10, 993.00, 0.00), (766.64, 993.00), 5.38
M 14.70000 87 (504.97, 396.52, 0.00), (505.33, 396.27), 4.31
M 14.70000 88 (596.52, 995.03, 0.00), (596.27, 994.67), 4.31
M 14.70000 89 (596.53, 395.04, 0.00), (596.28, 394.69), 4.30
M 14.70000 90 (266.10, 993.00, 0.00), (266.64, 993.00), 5.38
M 14.70000 91 (966.10, 93.00, 0.00), (966.64, 93.00), 5.38
M 14.70000 92 (533.90, 207.00, 0.00), (533.36, 207.00), 5.38
M 14.70000 93 (866.02, 793.00, 0.00), (866.56, 793.00), 5.38
M 14.70000 94 (603.46, 104.95, 0.00), (603.71, 105.30), 4.26
M 14.70000 95 (693.00, 951.85, 0.00), (693.00, 951.26), 5.93
M 14.70000 96 (464.82, 193.00, 0.00), (465.31, 193.00), 4.91
M 14.70000 97 (903.48, 204.98, 0.00), (903.73, 205.33), 4.31
M 14.70000 98 (933.90, 107.00, 0.00), (933.36, 107.00), 5.38
M 14.70000 99 (96.54, 795.06, 0.00), (96.30, 794.71), 4.26
M 14.70000 100 (793.00, 133.99, 0.00), (793.00, 133.45), 5.38
M 14.70000 101 (807.00, 966.10, 0.00), (807.00, 966.64), 5.38
M 14.70000 102 (907.00, 148.42, 0.00), (907.00, 149.01), 5.91
M 14.70000 103 (799.45, 200.79, 0.00