14.70000 139 (500.79, 400.55, 0.00), (500.54, 400.38), 3.12
M 14.70000 140 (966.10, 693.00, 0.00), (966.64, 693.00), 5.38
M 14.70000 141 (407.00, 465.79, 0.00), (407.00, 466.33), 5.39
M 14.70000 142 (566.10, 693.00, 0.00), (566.64, 693.00), 5.38
M 14.70000 143 (336.70, 393.00, 0.00), (337.26, 393.00), 5.55
M 14.70000 144 (633.90, 207.00, 0.00), (633.36, 207.00), 5.38
M 14.70000 145 (900.79, 800.55, 0.00), (900.54, 800.38), 3.12
M 14.70000 146 (643.93, 607.00, 0.00), (643.32, 607.00), 6.11
M 14.70000 147 (395.13, 496.59, 0.00), (395.29, 496.70), 1.92
M 14.70000 148 (263.30, 607.00, 0.00), (262.74, 607.00), 5.55
M 14.70000 149 (735.27, 307.00, 0.00), (734.75, 307.00), 5.19
M 14.70000 150 (1007.00, 266.10, 0.00), (1007.00, 266.64), 5.38
M 14.70000 151 (405.30, 892.42, 0.00), (405.28, 892.45), 0.33
M 14.70000 152 (795.03, 503.48, 0.00), (794.67, 503.73), 4.31
M 14.70000 153 (203.46, 304.95, 0.00), (203.71, 305.29), 4.26
M 14.70000 154 (299.44, 700.79, 0.00), (299.62, 700.54), 3.12
M 14.70000 155 (499.45, 200.79, 0.00), (499.62, 200.54), 3.12
M 14.70000 156 (599.45, 300.79, 0.00), (599.62, 300.54), 3.12
M 14.70000 157 (793.00, 743.69, 0.00), (793.00, 743.08), 6.11
M 14.70000 158 (505.96, 691.49, 0.00), (505.92, 691.55), 0.77
M 14.70000 159 (878.38, 607.00, 0.00), (877.84, 607.00), 5.32
M 14.70000 160 (733.99, 907.00, 0.00), (733.45, 907.00), 5.38
M 14.70000 161 (607.31, 305.12, 0.00), (607.31, 305.12), 0.03
M 14.70000 162 (499.21, 899.45, 0.00), (499.46, 899.62), 3.12
M 14.70000 163 (207.00, 266.10, 0.00), (207.00, 266.64), 5.38
M 14.70000 164 (899.45, 300.79, 0.00), (899.62, 300.54), 3.12
M 14.70000 165 (932.10, 1007.00, 0.00), (931.50, 1007.00), 6.00
M 14.70000 166 (493.00, 663.37, 0.00), (493.00, 662.82), 5.48
M 14.70000 167 (734.22, 507.00, 0.00), (733.68, 507.00), 5.39
M 14.70000 169 (107.00, 366.01, 0.00), (107.00, 366.55), 5.38
M 14.70000 170 (699.45, 700.79, 0.00), (699.62, 700.54), 3.12
M 14.70000 171 (595.13, 296.59, 0.00), (595.29, 296.70), 1